1663402756.068834,0.080024,0.030541,0.144261,0.725418,-0.222926,-0.192042,-0.622248
1663402756.085495,0.085276,0.030572,0.149431,0.724480,-0.215331,-0.192358,-0.625907
1663402756.102158,0.091350,0.030124,0.154089,0.721547,-0.210610,-0.193177,-0.630631
1663402756.118819,0.093603,0.029648,0.158359,0.717223,-0.206563,-0.196249,-0.635932
1663402756.135480,0.087286,0.029553,0.162435,0.714561,-0.202200,-0.201327,-0.638738
1663402756.152142,0.089886,0.029159,0.166473,0.712793,-0.199011,-0.206882,-0.639938
1663402756.168803,0.095215,0.028704,0.170414,0.712732,-0.198249,-0.211262,-0.638811
1663402756.185465,0.101089,0.028126,0.174340,0.715104,-0.201489,-0.212071,-0.634866
1663402756.202126,0.107066,0.027452,0.178389,0.719551,-0.207181,-0.210235,-0.628589
1663402756.218788,0.111848,0.027777,0.184443,0.726742,-0.209865,-0.210164,-0.619382
1663402756.235449,0.113929,0.029999,0.194083,0.733734,-0.210076,-0.211124,-0.610679
1663402756.252110,0.118531,0.030979,0.200095,0.741668,-0.210382,-0.213874,-0.599939
1663402756.268772,0.123505,0.031815,0.204775,0.750448,-0.209907,-0.218514,-0.587383
1663402756.285434,0.128633,0.032809,0.209054,0.758257,-0.206823,-0.226247,-0.575398
1663402756.302095,0.134081,0.033894,0.213459,0.765137,-0.199710,-0.237969,-0.563961
1663402756.318757,0.136873,0.035347,0.218242,0.767909,-0.193575,-0.251454,-0.556431
1663402756.335418,0.133670,0.037788,0.223688,0.769790,-0.187712,-0.266336,-0.548865
1663402756.352080,0.136054,0.038808,0.228395,0.771872,-0.183353,-0.278903,-0.541118
1663402756.368741,0.140215,0.039609,0.233046,0.774180,-0.177335,-0.288982,-0.534497
1663402756.385403,0.144993,0.040391,0.237755,0.776010,-0.170421,-0.296161,-0.530145
1663402756.402064,0.149896,0.041088,0.242377,0.777868,-0.163631,-0.300950,-0.526855
1663402756.418725,0.151374,0.042082,0.245143,0.778652,-0.159022,-0.302356,-0.526302
1663402756.435387,0.145705,0.043829,0.244438,0.779348,-0.155228,-0.302301,-0.526436
1663402756.452049,0.147114,0.044894,0.246773,0.779462,-0.152287,-0.301451,-0.527613
1663402756.468710,0.150852,0.045788,0.249978,0.779050,-0.149606,-0.300825,-0.529342
1663402756.485372,0.155442,0.046671,0.253418,0.778177,-0.147323,-0.300476,-0.531461
1663402756.502033,0.160370,0.047581,0.256975,0.777250,-0.146253,-0.299629,-0.533587
1663402756.518695,0.161203,0.048621,0.257882,0.777589,-0.146601,-0.298729,-0.533502
1663402756.535356,0.153684,0.049985,0.253411,0.777153,-0.147963,-0.297260,-0.534580
1663402756.552017,0.154720,0.051044,0.254812,0.776554,-0.149162,-0.295045,-0.536342
1663402756.568679,0.158608,0.051986,0.258332,0.775883,-0.149855,-0.292319,-0.538608
1663402756.585341,0.163372,0.052781,0.262640,0.775495,-0.150324,-0.289523,-0.540543
1663402756.602002,0.168413,0.053475,0.267198,0.775434,-0.149827,-0.287819,-0.541677
1663402756.618664,0.171489,0.053973,0.269409,0.775706,-0.147859,-0.288418,-0.541511
1663402756.635325,0.170485,0.054005,0.266874,0.775939,-0.143578,-0.289277,-0.541869
1663402756.651987,0.173969,0.054565,0.269309,0.775920,-0.138750,-0.290610,-0.542441
1663402756.668648,0.178982,0.055325,0.273327,0.776150,-0.133785,-0.292405,-0.542395
1663402756.685309,0.184639,0.056209,0.277884,0.776556,-0.128593,-0.294917,-0.541709
1663402756.701971,0.190675,0.057243,0.282668,0.777068,-0.123502,-0.297824,-0.540567
1663402756.718633,0.195643,0.057984,0.286340,0.778012,-0.118727,-0.300723,-0.538671
1663402756.735294,0.198175,0.057962,0.287666,0.778624,-0.114922,-0.303034,-0.537316
1663402756.751956,0.203566,0.059008,0.291714,0.779025,-0.112381,-0.304792,-0.536277
1663402756.768617,0.209960,0.060537,0.296730,0.779389,-0.110953,-0.306173,-0.535257
1663402756.785278,0.216753,0.062273,0.302189,0.779719,-0.110472,-0.307173,-0.534302
1663402756.801940,0.223731,0.064058,0.307861,0.780211,-0.110632,-0.307659,-0.533270
1663402756.818602,0.229169,0.066078,0.312682,0.780420,-0.111845,-0.308458,-0.532248
1663402756.835263,0.231314,0.068514,0.315634,0.780718,-0.112559,-0.309857,-0.530847
1663402756.851924,0.236786,0.070493,0.320675,0.781090,-0.112558,-0.311169,-0.529531
1663402756.868586,0.243265,0.072419,0.326492,0.781870,-0.111421,-0.312031,-0.528112
1663402756.885247,0.250058,0.074482,0.332763,0.783030,-0.108195,-0.312621,-0.526712
1663402756.901909,0.256998,0.076745,0.339416,0.784325,-0.102469,-0.313144,-0.525619
1663402756.918570,0.264203,0.078080,0.345793,0.784964,-0.096211,-0.313918,-0.525386
1663402756.935232,0.271474,0.077621,0.351219,0.785207,-0.089831,-0.314690,-0.525691
1663402756.951893,0.278920,0.079125,0.357718,0.785073,-0.082258,-0.318186,-0.525025
1663402756.968555,0.286788,0.081195,0.364443,0.783591,-0.073711,-0.325864,-0.523799
1663402756.985216,0.294858,0.083495,0.371218,0.781768,-0.067781,-0.332691,-0.523031
1663402757.001878,0.303065,0.085921,0.378000,0.780713,-0.065697,-0.335994,-0.522761
1663402757.018539,0.311482,0.087324,0.384541,0.779277,-0.068518,-0.336398,-0.524280
1663403086.773724,0.311482,0.087324,0.384541,0.779277,-0.068518,-0.336398,-0.524280
1663403086.790385,0.311482,0.087324,0.384541,-0.485556,-0.051724,0.361992,0.794054
1663403086.807047,0.311482,0.087324,0.384541,-0.485556,-0.051724,0.361992,0.794054
1663403086.823709,0.311482,0.087324,0.384541,-0.483448,-0.051425,0.370288,0.791530
1663403086.840370,0.311482,0.087324,0.384541,-0.481626,-0.051181,0.378403,0.788814
1663403086.857032,0.311482,0.087324,0.384541,-0.479448,-0.048913,0.391646,0.783805
1663403086.873692,0.311482,0.087324,0.384541,-0.479790,-0.043284,0.397394,0.781029
1663403086.890355,0.311482,0.087324,0.384541,-0.480908,-0.039604,0.397018,0.780728
1663403086.907016,0.311482,0.087324,0.384541,-0.484573,-0.032526,0.391541,0.781554
1663403086.923677,0.311482,0.087324,0.384541,-0.488731,-0.028215,0.383910,0.782917
1663403086.940339,0.311482,0.087324,0.384541,-0.490404,-0.027285,0.380644,0.783499
1663403086.957000,0.311482,0.087324,0.384541,-0.492178,-0.027378,0.376147,0.784554
1663403086.973662,0.311482,0.087324,0.384541,-0.491861,-0.028889,0.373802,0.785818
1663403086.990324,0.311482,0.087324,0.384541,-0.491848,-0.029391,0.372643,0.786358
1663403087.006985,0.311482,0.087324,0.384541,-0.492871,-0.029855,0.369337,0.787259
1663403087.023647,0.311482,0.087324,0.384541,-0.494258,-0.029808,0.365683,0.788097
1663403087.040308,0.311482,0.087324,0.384541,-0.494776,-0.029724,0.364324,0.788405
1663403087.056969,0.311482,0.087324,0.384541,-0.495466,-0.029781,0.362790,0.788676
1663403087.073631,0.311482,0.087324,0.384541,-0.496328,-0.029942,0.360748,0.789065
1663403087.090292,0.311482,0.087324,0.384541,-0.496798,-0.030091,0.359271,0.789437
1663403087.106954,0.311482,0.087324,0.384541,-0.497775,-0.030630,0.356233,0.790177
1663403087.123616,0.311482,0.087324,0.384541,-0.498028,-0.031189,0.358208,0.789102
1663403087.140274,0.311482,0.087324,0.384541,-0.497808,-0.031039,0.359677,0.788579
